A = [1 1; 1 -1]
B = [1.34; 0.445]

A\B